  title="SHAHB AHMADI"      
  VariabLes = \    
  "x        " \    
  "y        " \    
  "u        " \    
  "v        " \    
  "p        " \    
  Zone t ="  "\    
  i=  15
  j=  15
  f=block           
   1.856E-03   5.567E-03   1.002E-02   1.537E-02   2.178E-02   2.948E-02   3.871E-02   4.979E-02   6.309E-02   7.905E-02   9.820E-02   1.212E-01   1.488E-01   1.819E-01   2.149E-01
   1.856E-03   5.567E-03   1.002E-02   1.537E-02   2.178E-02   2.948E-02   3.871E-02   4.979E-02   6.309E-02   7.905E-02   9.820E-02   1.212E-01   1.488E-01   1.819E-01   2.149E-01
   1.856E-03   5.567E-03   1.002E-02   1.537E-02   2.178E-02   2.948E-02   3.871E-02   4.979E-02   6.309E-02   7.905E-02   9.820E-02   1.212E-01   1.488E-01   1.819E-01   2.149E-01
   1.856E-03   5.567E-03   1.002E-02   1.537E-02   2.178E-02   2.948E-02   3.871E-02   4.979E-02   6.309E-02   7.905E-02   9.820E-02   1.212E-01   1.488E-01   1.819E-01   2.149E-01
   1.856E-03   5.567E-03   1.002E-02   1.537E-02   2.178E-02   2.948E-02   3.871E-02   4.979E-02   6.309E-02   7.905E-02   9.820E-02   1.212E-01   1.488E-01   1.819E-01   2.149E-01
   1.856E-03   5.567E-03   1.002E-02   1.537E-02   2.178E-02   2.948E-02   3.871E-02   4.979E-02   6.309E-02   7.905E-02   9.820E-02   1.212E-01   1.488E-01   1.819E-01   2.149E-01
   1.856E-03   5.567E-03   1.002E-02   1.537E-02   2.178E-02   2.948E-02   3.871E-02   4.979E-02   6.309E-02   7.905E-02   9.820E-02   1.212E-01   1.488E-01   1.819E-01   2.149E-01
   1.856E-03   5.567E-03   1.002E-02   1.537E-02   2.178E-02   2.948E-02   3.871E-02   4.979E-02   6.309E-02   7.905E-02   9.820E-02   1.212E-01   1.488E-01   1.819E-01   2.149E-01
   1.856E-03   5.567E-03   1.002E-02   1.537E-02   2.178E-02   2.948E-02   3.871E-02   4.979E-02   6.309E-02   7.905E-02   9.820E-02   1.212E-01   1.488E-01   1.819E-01   2.149E-01
   1.856E-03   5.567E-03   1.002E-02   1.537E-02   2.178E-02   2.948E-02   3.871E-02   4.979E-02   6.309E-02   7.905E-02   9.820E-02   1.212E-01   1.488E-01   1.819E-01   2.149E-01
   1.856E-03   5.567E-03   1.002E-02   1.537E-02   2.178E-02   2.948E-02   3.871E-02   4.979E-02   6.309E-02   7.905E-02   9.820E-02   1.212E-01   1.488E-01   1.819E-01   2.149E-01
   1.856E-03   5.567E-03   1.002E-02   1.537E-02   2.178E-02   2.948E-02   3.871E-02   4.979E-02   6.309E-02   7.905E-02   9.820E-02   1.212E-01   1.488E-01   1.819E-01   2.149E-01
   1.856E-03   5.567E-03   1.002E-02   1.537E-02   2.178E-02   2.948E-02   3.871E-02   4.979E-02   6.309E-02   7.905E-02   9.820E-02   1.212E-01   1.488E-01   1.819E-01   2.149E-01
   1.856E-03   5.567E-03   1.002E-02   1.537E-02   2.178E-02   2.948E-02   3.871E-02   4.979E-02   6.309E-02   7.905E-02   9.820E-02   1.212E-01   1.488E-01   1.819E-01   2.149E-01
   1.856E-03   5.567E-03   1.002E-02   1.537E-02   2.178E-02   2.948E-02   3.871E-02   4.979E-02   6.309E-02   7.905E-02   9.820E-02   1.212E-01   1.488E-01   1.819E-01   2.149E-01
 
   1.284E-02   1.284E-02   1.284E-02   1.284E-02   1.284E-02   1.284E-02   1.284E-02   1.284E-02   1.284E-02   1.284E-02   1.284E-02   1.284E-02   1.284E-02   1.284E-02   1.284E-02
   1.196E-02   1.196E-02   1.196E-02   1.196E-02   1.196E-02   1.196E-02   1.196E-02   1.196E-02   1.196E-02   1.196E-02   1.196E-02   1.196E-02   1.196E-02   1.196E-02   1.196E-02
   1.107E-02   1.107E-02   1.107E-02   1.107E-02   1.107E-02   1.107E-02   1.107E-02   1.107E-02   1.107E-02   1.107E-02   1.107E-02   1.107E-02   1.107E-02   1.107E-02   1.107E-02
   1.019E-02   1.019E-02   1.019E-02   1.019E-02   1.019E-02   1.019E-02   1.019E-02   1.019E-02   1.019E-02   1.019E-02   1.019E-02   1.019E-02   1.019E-02   1.019E-02   1.019E-02
   9.300E-03   9.300E-03   9.300E-03   9.300E-03   9.300E-03   9.300E-03   9.300E-03   9.300E-03   9.300E-03   9.300E-03   9.300E-03   9.300E-03   9.300E-03   9.300E-03   9.300E-03
   8.414E-03   8.414E-03   8.414E-03   8.414E-03   8.414E-03   8.414E-03   8.414E-03   8.414E-03   8.414E-03   8.414E-03   8.414E-03   8.414E-03   8.414E-03   8.414E-03   8.414E-03
   7.529E-03   7.529E-03   7.529E-03   7.529E-03   7.529E-03   7.529E-03   7.529E-03   7.529E-03   7.529E-03   7.529E-03   7.529E-03   7.529E-03   7.529E-03   7.529E-03   7.529E-03
   6.643E-03   6.643E-03   6.643E-03   6.643E-03   6.643E-03   6.643E-03   6.643E-03   6.643E-03   6.643E-03   6.643E-03   6.643E-03   6.643E-03   6.643E-03   6.643E-03   6.643E-03
   5.757E-03   5.757E-03   5.757E-03   5.757E-03   5.757E-03   5.757E-03   5.757E-03   5.757E-03   5.757E-03   5.757E-03   5.757E-03   5.757E-03   5.757E-03   5.757E-03   5.757E-03
   4.871E-03   4.871E-03   4.871E-03   4.871E-03   4.871E-03   4.871E-03   4.871E-03   4.871E-03   4.871E-03   4.871E-03   4.871E-03   4.871E-03   4.871E-03   4.871E-03   4.871E-03
   3.986E-03   3.986E-03   3.986E-03   3.986E-03   3.986E-03   3.986E-03   3.986E-03   3.986E-03   3.986E-03   3.986E-03   3.986E-03   3.986E-03   3.986E-03   3.986E-03   3.986E-03
   3.100E-03   3.100E-03   3.100E-03   3.100E-03   3.100E-03   3.100E-03   3.100E-03   3.100E-03   3.100E-03   3.100E-03   3.100E-03   3.100E-03   3.100E-03   3.100E-03   3.100E-03
   2.214E-03   2.214E-03   2.214E-03   2.214E-03   2.214E-03   2.214E-03   2.214E-03   2.214E-03   2.214E-03   2.214E-03   2.214E-03   2.214E-03   2.214E-03   2.214E-03   2.214E-03
   1.329E-03   1.329E-03   1.329E-03   1.329E-03   1.329E-03   1.329E-03   1.329E-03   1.329E-03   1.329E-03   1.329E-03   1.329E-03   1.329E-03   1.329E-03   1.329E-03   1.329E-03
   4.429E-04   4.429E-04   4.429E-04   4.429E-04   4.429E-04   4.429E-04   4.429E-04   4.429E-04   4.429E-04   4.429E-04   4.429E-04   4.429E-04   4.429E-04   4.429E-04   4.429E-04
 
   0.000E+00   0.000E+00   0.000E+00   0.000E+00   0.000E+00   0.000E+00   0.000E+00   0.000E+00   0.000E+00   0.000E+00   0.000E+00   0.000E+00   0.000E+00   0.000E+00   0.000E+00
   0.000E+00  -6.908E-03  -5.115E-03  -6.901E-04   1.484E-03   1.795E-03   1.528E-03   1.198E-03   9.053E-04   6.574E-04   4.490E-04   2.743E-04   1.282E-04  -1.638E-06  -1.638E-06
   0.000E+00  -1.569E-02  -1.121E-02  -7.869E-04   4.484E-03   5.180E-03   4.387E-03   3.435E-03   2.594E-03   1.882E-03   1.285E-03   7.847E-04   3.666E-04  -3.878E-06  -3.878E-06
   0.000E+00  -2.023E-02  -1.312E-02   8.320E-04   7.728E-03   8.414E-03   7.062E-03   5.516E-03   4.161E-03   3.018E-03   2.059E-03   1.257E-03   5.874E-04  -4.695E-06  -4.695E-06
   0.000E+00  -2.052E-02  -1.062E-02   4.412E-03   1.132E-02   1.152E-02   9.550E-03   7.440E-03   5.606E-03   4.063E-03   2.771E-03   1.692E-03   7.904E-04  -4.360E-06  -4.360E-06
   0.000E+00  -1.596E-02  -3.316E-03   1.015E-02   1.534E-02   1.450E-02   1.185E-02   9.203E-03   6.927E-03   5.017E-03   3.420E-03   2.087E-03   9.754E-04  -3.128E-06  -3.128E-06
   0.000E+00  -5.196E-03   9.330E-03   1.818E-02   1.981E-02   1.737E-02   1.396E-02   1.080E-02   8.121E-03   5.879E-03   4.007E-03   2.445E-03   1.142E-03  -1.232E-06  -1.232E-06
   0.000E+00   1.417E-02   2.796E-02   2.853E-02   2.472E-02   2.012E-02   1.587E-02   1.223E-02   9.189E-03   6.648E-03   4.529E-03   2.763E-03   1.291E-03   1.113E-06   1.113E-06
   0.000E+00   4.586E-02   5.315E-02   4.110E-02   2.998E-02   2.271E-02   1.758E-02   1.350E-02   1.013E-02   7.323E-03   4.987E-03   3.042E-03   1.421E-03   3.709E-06   3.709E-06
   0.000E+00   9.514E-02   8.515E-02   5.556E-02   3.545E-02   2.512E-02   1.907E-02   1.459E-02   1.093E-02   7.903E-03   5.381E-03   3.282E-03   1.533E-03   6.378E-06   6.378E-06
   0.000E+00   1.687E-01   1.233E-01   7.124E-02   4.091E-02   2.729E-02   2.035E-02   1.550E-02   1.161E-02   8.388E-03   5.710E-03   3.482E-03   1.627E-03   8.959E-06   8.959E-06
   5.000E-01   2.738E-01   1.647E-01   8.708E-02   4.605E-02   2.918E-02   2.139E-02   1.624E-02   1.215E-02   8.777E-03   5.974E-03   3.643E-03   1.702E-03   1.130E-05   1.130E-05
   5.000E-01   3.355E-01   2.008E-01   1.016E-01   5.052E-02   3.070E-02   2.219E-02   1.680E-02   1.256E-02   9.070E-03   6.172E-03   3.763E-03   1.758E-03   1.328E-05   1.328E-05
   5.000E-01   3.694E-01   2.265E-01   1.128E-01   5.389E-02   3.179E-02   2.273E-02   1.717E-02   1.283E-02   9.266E-03   6.305E-03   3.844E-03   1.796E-03   1.476E-05   1.476E-05
   5.000E-01   3.843E-01   2.397E-01   1.189E-01   5.575E-02   3.237E-02   2.301E-02   1.736E-02   1.297E-02   9.364E-03   6.371E-03   3.884E-03   1.815E-03   1.557E-05   1.557E-05
 
   0.000E+00   0.000E+00   0.000E+00   0.000E+00   0.000E+00   0.000E+00   0.000E+00   0.000E+00   0.000E+00   0.000E+00   0.000E+00   0.000E+00   0.000E+00   0.000E+00   0.000E+00
  -4.669E-04   1.377E-03   1.512E-03   8.158E-04   3.721E-04   2.019E-04   1.308E-04   8.964E-05   6.206E-05   4.303E-05   2.985E-05   2.072E-05   1.509E-05  -1.192E-12   0.000E+00
  -2.528E-03   3.967E-03   4.629E-03   2.431E-03   9.970E-04   4.829E-04   2.993E-04   2.033E-04   1.405E-04   9.734E-05   6.750E-05   4.684E-05   3.406E-05  -2.870E-12   0.000E+00
  -5.922E-03   7.409E-03   8.719E-03   4.460E-03   1.682E-03   7.307E-04   4.307E-04   2.894E-04   1.995E-04   1.380E-04   9.566E-05   6.635E-05   4.816E-05  -2.857E-12   0.000E+00
  -9.763E-03   1.188E-02   1.348E-02   6.725E-03   2.383E-03   9.410E-04   5.267E-04   3.497E-04   2.404E-04   1.662E-04   1.151E-04   7.980E-05   5.782E-05  -2.497E-12   0.000E+00
  -1.297E-02   1.758E-02   1.859E-02   9.028E-03   3.046E-03   1.108E-03   5.890E-04   3.861E-04   2.648E-04   1.828E-04   1.265E-04   8.771E-05   6.345E-05  -2.050E-12   0.000E+00
  -1.399E-02   2.462E-02   2.366E-02   1.115E-02   3.614E-03   1.224E-03   6.193E-04   4.008E-04   2.741E-04   1.891E-04   1.308E-04   9.062E-05   6.546E-05  -1.584E-12   0.000E+00
  -1.043E-02   3.284E-02   2.821E-02   1.287E-02   4.028E-03   1.284E-03   6.195E-04   3.957E-04   2.699E-04   1.861E-04   1.286E-04   8.908E-05   6.426E-05  -1.133E-12   0.000E+00
   1.653E-03   4.155E-02   3.162E-02   1.395E-02   4.234E-03   1.280E-03   5.914E-04   3.730E-04   2.538E-04   1.748E-04   1.208E-04   8.364E-05   6.026E-05  -7.244E-13   0.000E+00
   2.896E-02   4.902E-02   3.314E-02   1.417E-02   4.185E-03   1.211E-03   5.376E-04   3.350E-04   2.275E-04   1.565E-04   1.081E-04   7.485E-05   5.387E-05  -3.816E-13   0.000E+00
   8.355E-02   5.176E-02   3.196E-02   1.335E-02   3.851E-03   1.074E-03   4.608E-04   2.841E-04   1.925E-04   1.324E-04   9.138E-05   6.325E-05   4.548E-05  -1.244E-13   0.000E+00
   5.041E-02   4.302E-02   2.739E-02   1.139E-02   3.226E-03   8.743E-04   3.643E-04   2.225E-04   1.505E-04   1.034E-04   7.139E-05   4.941E-05   3.550E-05   2.981E-14   0.000E+00
   2.862E-02   2.972E-02   1.990E-02   8.339E-03   2.333E-03   6.189E-04   2.523E-04   1.529E-04   1.033E-04   7.096E-05   4.896E-05   3.388E-05   2.433E-05   6.541E-14   0.000E+00
   1.298E-02   1.500E-02   1.043E-02   4.413E-03   1.226E-03   3.212E-04   1.291E-04   7.784E-05   5.252E-05   3.608E-05   2.489E-05   1.722E-05   1.236E-05  -8.124E-15   0.000E+00
   0.000E+00   0.000E+00   0.000E+00   0.000E+00   0.000E+00   0.000E+00   0.000E+00   0.000E+00   0.000E+00   0.000E+00   0.000E+00   0.000E+00   0.000E+00   0.000E+00   0.000E+00
 
   0.000E+00   0.000E+00   0.000E+00   0.000E+00   0.000E+00   0.000E+00   0.000E+00   0.000E+00   0.000E+00   0.000E+00   0.000E+00   0.000E+00   0.000E+00   0.000E+00   0.000E+00
  -2.544E+01  -1.685E+01  -8.865E+00  -6.348E+00  -6.887E+00  -8.231E+00  -9.657E+00  -1.102E+01  -1.226E+01  -1.336E+01  -1.426E+01  -1.492E+01  -1.529E+01  -1.527E+01   0.000E+00
  -2.485E+01  -1.764E+01  -9.837E+00  -6.857E+00  -7.085E+00  -8.320E+00  -9.710E+00  -1.105E+01  -1.229E+01  -1.337E+01  -1.427E+01  -1.493E+01  -1.530E+01  -1.527E+01   0.000E+00
  -2.473E+01  -1.774E+01  -1.002E+01  -6.946E+00  -7.090E+00  -8.302E+00  -9.694E+00  -1.104E+01  -1.228E+01  -1.337E+01  -1.426E+01  -1.492E+01  -1.529E+01  -1.527E+01   0.000E+00
  -2.524E+01  -1.777E+01  -1.005E+01  -6.963E+00  -7.080E+00  -8.284E+00  -9.678E+00  -1.103E+01  -1.227E+01  -1.336E+01  -1.426E+01  -1.492E+01  -1.529E+01  -1.527E+01   0.000E+00
  -2.647E+01  -1.768E+01  -9.893E+00  -6.904E+00  -7.054E+00  -8.264E+00  -9.663E+00  -1.102E+01  -1.226E+01  -1.336E+01  -1.426E+01  -1.492E+01  -1.529E+01  -1.527E+01   0.000E+00
  -2.848E+01  -1.738E+01  -9.536E+00  -6.765E+00  -7.011E+00  -8.242E+00  -9.648E+00  -1.101E+01  -1.226E+01  -1.335E+01  -1.425E+01  -1.492E+01  -1.529E+01  -1.527E+01   0.000E+00
  -3.128E+01  -1.670E+01  -8.944E+00  -6.542E+00  -6.949E+00  -8.218E+00  -9.634E+00  -1.100E+01  -1.225E+01  -1.335E+01  -1.425E+01  -1.491E+01  -1.529E+01  -1.527E+01   0.000E+00
  -3.486E+01  -1.537E+01  -8.074E+00  -6.230E+00  -6.869E+00  -8.191E+00  -9.620E+00  -1.099E+01  -1.224E+01  -1.334E+01  -1.425E+01  -1.491E+01  -1.529E+01  -1.527E+01   0.000E+00
  -3.926E+01  -1.304E+01  -6.889E+00  -5.827E+00  -6.768E+00  -8.162E+00  -9.605E+00  -1.098E+01  -1.224E+01  -1.334E+01  -1.424E+01  -1.491E+01  -1.528E+01  -1.527E+01   0.000E+00
  -4.524E+01  -9.434E+00  -5.371E+00  -5.329E+00  -6.647E+00  -8.130E+00  -9.590E+00  -1.097E+01  -1.223E+01  -1.333E+01  -1.424E+01  -1.491E+01  -1.528E+01  -1.527E+01   0.000E+00
  -9.791E+00  -5.108E+00  -3.526E+00  -4.728E+00  -6.501E+00  -8.092E+00  -9.574E+00  -1.096E+01  -1.222E+01  -1.333E+01  -1.424E+01  -1.490E+01  -1.528E+01  -1.527E+01   0.000E+00
  -5.808E+00  -1.730E+00  -1.536E+00  -3.996E+00  -6.321E+00  -8.047E+00  -9.556E+00  -1.095E+01  -1.222E+01  -1.332E+01  -1.423E+01  -1.490E+01  -1.528E+01  -1.527E+01   0.000E+00
  -2.458E+00   1.776E+00   7.933E-01  -3.050E+00  -6.078E+00  -7.986E+00  -9.532E+00  -1.093E+01  -1.221E+01  -1.332E+01  -1.423E+01  -1.490E+01  -1.528E+01  -1.527E+01   0.000E+00
   0.000E+00   4.744E+00   2.896E+00  -2.159E+00  -5.843E+00  -7.926E+00  -9.508E+00  -1.092E+01  -1.220E+01  -1.331E+01  -1.422E+01  -1.490E+01  -1.527E+01  -1.527E+01   0.000E+00
